[FS]
rCH=0.235

[CH]
NumCh=92
Begin=165
Ch165= 4.512  6.583  0.355 01 241
Ch170= 5.547  7.618  0.178 02 0
Ch175= 6.805  9.024  0.873 03 0
Ch180= 0.148  0.222  0.769 04 0
Ch185= 0.296  0.370  0.488 05 242
Ch190= 0.518  0.444  0.104 06 0
Ch195= 0.740  0.666  1.035 07 0
Ch200= 1.109  1.035  0.340 08 0
Ch205= 1.479  1.405  0.074 09 0
Ch210= 1.923  1.775  0.725 10 0
Ch215= 2.367  2.515  0.444 11 0
Ch220= 2.811  3.254  0.104 12 0
Ch225= 3.846  3.624  0.636 13 0
Ch230= 4.142  4.882  0.370 14 0
Ch235= 5.621  5.251  0.044 15 0
Ch240= 6.213  7.100  0.784 16 0
Ch245= 7.988  7.692  0.311 17 242
Ch250= 9.393  9.245  0.118 18 0
Ch255= 11.168 10.947  0.740 19 0
Ch260= 12.870 12.722  0.429 20 244
Ch265= 1.035  0.518  0.118 21 0
Ch270= 1.331  0.740  1.228 22 0
Ch275= 1.553  1.257  0.340 23 0
Ch280= 2.293  1.479  0.207 24 0
Ch285= 2.959  1.923  0.858 25 0
Ch290= 3.254  2.663  0.488 26 0
Ch295= 3.994  3.328  0.178 27 0
Ch300= 4.734  4.068  0.932 28 0
Ch305= 5.325  4.734  0.429 29 0
Ch310= 6.583  5.843  0.163 30 0
Ch315= 7.470  6.731  0.962 31 0
Ch320= 9.245  8.210  0.592 32 0
Ch325= 0.740  0.148  0.178 33 234
Ch330= 0.962  0.222  1.065 34 239
Ch335= 1.257  0.370  0.592 35 235
Ch340= 1.775  0.666  0.148 36 0
Ch345= 1.923  1.035  0.873 37 0
Ch350= 2.441  1.405  0.370 38 240
Ch355= 3.550  1.701  0.178 39 239
Ch360= 4.216  2.071  1.198 40 0
Ch365= 5.029  2.589  0.636 41 0
Ch370= 0.000  3.550  0.355 42 242
Ch375= 7.174  3.920  1.272 43 0
Ch380= 0.296  5.177  0.828 44 240
Ch385= 0.444  5.917  0.473 45 243
Ch390= 0.740  7.544  0.089 46 0
Ch395= 0.962  8.580  0.828 47 239
Ch400= 1.035  0.222  1.169 48 227
Ch405= 1.849  0.296  0.488 49 244
Ch410= 2.441  0.518  0.148 50 0
Ch415= 3.032  0.740  0.962 51 0
Ch420= 3.698  1.035  0.429 52 0
Ch425= 4.216  1.331  0.370 53 240
Ch430= 5.473  1.849  0.873 54 0
Ch435= 6.435  2.293  0.518 55 0
Ch440= 7.470  2.737  0.192 56 238
Ch445= 0.370  3.180  0.429 57 240
Ch450= 0.518  3.624  0.133 58 233
Ch455= 0.814  4.734  0.902 59 0
Ch460= 1.109  5.695  0.459 60 239
Ch465= 1.331  7.766  1.361 61 0
Ch470= 1.701  9.024  0.784 62 0
Ch475= 2.441  0.222  0.592 63 243
Ch480= 2.959  0.370  0.296 64 240
Ch485= 3.624  0.592  0.104 65 236
Ch490= 4.512  0.888  0.606 66 0
Ch495= 5.473  1.257  0.207 67 0
Ch500= 6.361  1.553  0.074 68 229
Ch505= 7.618  1.997  0.666 69 0
Ch510= 8.728  2.441  0.385 70 0
Ch515= 0.444  3.402  0.251 71 0
Ch520= 0.740  4.290  1.035 72 0
Ch525= 1.035  5.029  0.621 73 0
Ch530= 1.331  5.991  0.296 74 242
Ch535= 1.701  7.027  0.074 75 230
Ch540= 2.145  8.358  0.621 76 0
Ch545= 2.589  9.541  0.325 77 239
Ch550= 3.180  0.370  0.311 78 241
Ch555= 4.364  0.444  1.272 79 0
Ch560= 5.251  0.666  0.636 80 244
Ch565= 6.361  0.962  0.251 81 240
Ch570= 7.618  1.331  1.035 82 0
Ch575= 8.876  1.701  0.533 83 0
Ch580= 0.444  2.367  0.399 84 239
Ch585= 0.666  2.959  0.118 85 243
Ch590= 0.962  3.698  0.843 86 0
Ch595= 1.331  4.512  0.340 87 0
Ch600= 1.701  5.399  0.089 88 0
Ch605= 2.071  6.139  1.021 89 0
Ch610= 2.515  7.174  0.533 90 240
Ch615= 3.106  8.432  0.222 91 237
Ch620= 3.106  8.432  0.222 91 237

